1000
0 3.525547180174712 3.441280520812941 18.71301390553732 0 0
1 2.4579110987622057 1.2176609721693115 14.922872638575486 0 0
2 2.1893201006419503 3.091075936423893 8.176877904440204 0 0
3 0.7562268251350586 0.17766131090241388 17.020331633222753 0 0
4 2.4083355126421573 1.0188040501347408 8.084495976347474 0 0
5 1.7927323087112341 0.6103373237790979 11.09579112944819 0 0
6 3.86751452941151 1.4067669779554894 7.073426684293844 0 0
7 0.5565620907833198 2.9787839012585398 2.370664904819244 0 0
8 2.147541029664553 3.4971734573821003 9.730432549350844 0 0
9 0.3238047651789244 2.6114170715830527 3.979740186355907 0 0
10 1.282673715780916 2.3206560399022447 10.670620833838493 0 0
11 2.8766279353506112 1.0897072229252347 8.633050913289363 0 0
12 3.923172905938867 3.12710609538464 14.887860419075054 0 0
13 3.8560357520785775 1.8408321154059253 4.979493918539813 0 0
14 0.7778912126862869 1.1089042426417943 3.621619555373554 0 0
15 0.8742318642339948 2.8071803523483574 10.068400161896353 0 0
16 2.7068695101774694 3.5228751576865127 1.7307050304828977 0 0
17 0.6327765547516708 0.7573660174904753 14.315465377614158 0 0
18 0.22467106442545837 1.8986466027011544 5.775129086308999 0 0
19 1.5971043246123997 1.0410182380719941 1.566179963689758 0 0
20 3.633838469717192 2.2940645455490403 0.030194747115921627 0 0
21 2.16542030298487 1.661877385239696 2.127743259130712 0 0
22 1.118057425516222 0.3253462843848649 1.793786207703474 0 0
23 1.0968098608094958 3.536505472724137 18.203888268434238 0 0
24 1.8156914695709048 0.8066590595643344 8.456257232164948 0 0
25 0.1695994298892114 0.23834559956784473 18.27409140661819 0 0
26 2.6151845933795386 2.9100798153776344 5.2239902093346835 0 0
27 3.315204693519135 1.5654778045133255 11.339994907473098 0 0
28 0.9372660375874757 0.6900343872115544 8.15333117741747 0 0
29 1.9645818016586094 2.698358611607012 18.98328332463806 0 0
30 1.3988029262282093 0.024318426842909302 17.011961009753325 0 0
31 0.8090878159951023 1.24266868236274 4.149248089556612 0 0
32 1.7305194029006865 0.29393208193746534 1.2375687397467041 0 0
33 1.874004542586902 0.42940645755917894 13.986611088866816 0 0
34 1.2149039913658 2.358897877018971 18.660146373201954 0 0
35 0.7125178238785004 3.0220802866792704 9.437795644968038 0 0
36 1.4610723577763503 0.7768312412547747 16.351766002497556 0 0
37 3.555863970780882 1.0545649896057594 4.631006003302134 0 0
38 3.9907551398374643 3.159555188192069 1.20633596668718 0 0
39 3.637719740583308 0.6855362648268783 13.694577730673823 0 0
40 3.9879770245582646 0.6410148599213559 18.446415471252962 0 0
41 0.404923902274158 3.1756492125207094 8.363834524600753 0 0
42 3.6650265210441972 1.0643801191813604 17.01643720968046 0 0
43 2.4852642598998402 3.325929876621853 5.312346165406032 0 0
44 3.2014149891407904 2.278640601148938 0.26851039892450657 0 0
45 3.6089505198472107 1.4363401836559617 19.336928288667753 0 0
46 3.1590528192091822 0.9603563383023375 3.934384444518537 0 0
47 2.0775986635149586 3.8900165856789144 9.10367212061841 0 0
48 1.0303121892291232 1.3504129539375784 14.049398957967913 0 0
49 1.2844207806676209 0.30009344036117613 1.4787527297949035 0 0
50 2.1968155548270385 3.7403433270884054 4.69194045590543 0 0
51 0.49811752869743064 3.674997185066907 10.561581193322427 0 0
52 0.46566694636425576 3.986398826204274 9.996752863303604 0 0
53 3.7894751927531933 2.800291139075476 7.979321626281486 0 0
54 2.845490968587848 0.12157206454245695 12.704347442825368 0 0
55 0.5310237140067906 0.25282806004945146 16.01564112727488 0 0
56 2.2996613905698746 3.293613596866492 8.775797704147823 0 0
57 1.8941811581325314 1.5576244183326924 1.9070367020912984 0 0
58 2.515717085123706 2.649713862021197 11.520657946575277 0 0
59 2.042779504937881 3.4797619188029882 18.683188957069387 0 0
60 3.2771441087145217 0.4095685583369175 9.32153907162486 0 0
61 2.9703710685336953 3.0560051164725888 15.468778839523532 0 0
62 0.3466259654054855 0.9718007976304064 17.623296724755505 0 0
63 1.339056948536425 2.904027129412226 17.904871282733183 0 0
64 0.6650586186241962 2.0662302332283486 9.306430791489719 0 0
65 3.389853421165138 0.442437534859504 6.411538509757091 0 0
66 3.052100275988786 2.1676445749015283 5.95939349464913 0 0
67 1.6498407834754294 2.4865807516307505 2.70731889285861 0 0
68 1.4995249237778105 3.4824203623595613 6.8615261253520305 0 0
69 1.242200761934168 2.973137173681833 4.9041947873947 0 0
70 2.118090094612131 1.645669079643392 16.99222942477316 0 0
71 0.7560334087461464 2.0766137958510837 15.65514590049219 0 0
72 0.8800836256712123 3.159760349812162 2.2748527727745227 0 0
73 2.6857857403798793 1.9090723847454905 0.29889539138873844 0 0
74 0.853041086057934 2.9785860384144085 11.969313047983762 0 0
75 2.223218684827912 3.1573485330001088 1.3163666256241482 0 0
76 0.44107976317023945 0.6029817610504005 7.243229162680822 0 0
77 3.361393180800584 3.1143270935184155 13.604450554778944 0 0
78 2.949452393210974 2.9006315930010382 4.291947156932354 0 0
79 0.07914637712667649 2.3943454074812456 19.599839480423174 0 0
80 2.0404107505966556 0.5630215499613851 1.2078385589529208 0 0
81 3.5297660540135123 1.424062958890724 15.211792284627677 0 0
82 0.8680369481844636 0.5488297228854153 15.191382385777693 0 0
83 1.2023388607758825 1.8761501427392233 18.645794083693993 0 0
84 1.310478517113398 0.5055490603338451 13.072825262120544 0 0
85 1.2248392771764027 3.552827976233833 5.349036279587274 0 0
86 3.0737636697995647 0.9737328194320363 2.5966645282013383 0 0
87 2.2207044779224807 2.27251448221058 14.246892889870095 0 0
88 2.1291087548371834 1.792742555711371 11.3687072266322 0 0
89 0.9407525536666752 0.4614189267860016 8.93191710055399 0 0
90 0.8666359249187428 0.08758136179428377 4.765315512498642 0 0
91 1.7094896179480277 3.95217928890942 6.802780157321198 0 0
92 1.7068362662418057 1.5675492014440822 18.432379167969863 0 0
93 1.5684429233528039 1.1538109416160338 9.342555640930122 0 0
94 2.488629496013468 0.13019811995983077 4.840168930945192 0 0
95 3.7152045072223476 3.8222201220706555 12.348668324037558 0 0
96 2.6550788239433265 1.6220590950774019 1.1245324107272328 0 0
97 0.2875153480396999 3.5656015619434696 12.114515679833486 0 0
98 0.3791606337186424 0.5407864901535462 18.21775278422731 0 0
99 0.10042960342135143 0.9473610694396959 15.711522735033029 0 0
100 3.2157531335251566 2.2101538124816162 8.84845283056043 0 0
101 2.183678601669401 0.6628421232951249 10.151573657032756 0 0
102 1.560906416530085 2.9656283963579497 11.313420981921658 0 0
103 0.6678399917708571 2.003054335364607 6.025449502549803 0 0
104 3.232769012387484 2.8099838083972095 18.844677952229837 0 0
105 0.09837102096687667 3.8401929067521072 17.234381793838352 0 0
106 3.86289725401833 0.8642030965387757 4.728505704387613 0 0
107 3.65646807623492 3.576414225525914 9.008067180771578 0 0
108 2.8639080677431332 2.9082012905442243 17.05319719490958 0 0
109 3.235065103787031 1.731134831547821 17.84097979677026 0 0
110 0.9070970834084917 2.7514543424759372 11.626624838148603 0 0
111 3.219786409797589 0.06925533300424935 17.903853907246432 0 0
112 0.6544525150896592 2.2514914645075157 19.877657316970932 0 0
113 0.8687246641100217 2.3596263562445134 7.145726213815154 0 0
114 2.02800146721383 1.6307623087024978 18.690099968243256 0 0
115 3.175154014106245 2.7800038605357926 8.857594765163805 0 0
116 0.23209961192329076 0.20571098541215416 11.520889737922612 0 0
117 1.1174940364416843 3.375662193417134 16.10869543790731 0 0
118 3.6994672111379296 3.8423242420312427 7.644207394025074 0 0
119 1.0013259953221534 0.29231901744706357 6.268805392693486 0 0
120 0.2678036684479481 2.5842620759727533 9.693192625150031 0 0
121 1.9545220115474697 3.5724716499742257 9.849934667110599 0 0
122 1.5774942731408832 3.927515653779463 16.874035703200793 0 0
123 1.213273277699188 3.8987898512290986 8.375146532951696 0 0
124 3.948262188871193 2.077252401873097 12.271677146981453 0 0
125 2.326584055012434 1.6618817331531581 13.266377623003656 0 0
126 1.7958033921371095 3.2214022657216086 16.485646158474538 0 0
127 0.8396340392139343 3.0722719590591367 8.00445951701687 0 0
128 3.4733806856645364 3.1567634760645866 7.484425294941568 0 0
129 0.9060744992544796 1.7865833764659247 4.18938894329707 0 0
130 1.3726736378172497 1.07352206911306 3.654224876592747 0 0
131 2.3264587211712637 0.9047541623874815 4.812240760599451 0 0
132 2.2132162607012775 2.3692731869011894 16.68281542261148 0 0
133 2.10438460445892 1.8011355937351057 19.410080981260297 0 0
134 3.4778825614957496 3.869936034430266 5.612634414858988 0 0
135 1.739460426573529 3.060906784142296 13.183787753072965 0 0
136 3.558065587950801 1.5029638060107409 18.168242542435046 0 0
137 0.989444666044341 1.2433875257967821 15.57536328616872 0 0
138 2.1165131408232405 3.8868548646167715 11.15915665091973 0 0
139 2.41906268600202 2.9909540083918955 0.15946665577952124 0 0
140 0.21161623715265354 3.477220863340402 4.716121788720411 0 0
141 3.663606321859241 3.688422682558172 8.567041096424914 0 0
142 3.131922197036631 3.898278914359862 12.497862057496992 0 0
143 0.47612947752160273 2.36832403473319 3.6994794358832905 0 0
144 3.8535404028978917 2.410207150823509 13.42609648715319 0 0
145 2.9367240220513153 3.058502905583169 15.5487284211863 0 0
146 1.0580563348046754 2.075477503460003 2.3791799382165406 0 0
147 0.27314103010635615 1.662187470817211 11.672948404686448 0 0
148 2.860844551410082 0.4294267720962315 9.564388002596884 0 0
149 1.5629846104141836 3.9923455126463274 7.311061927516391 0 0
150 2.712836649752327 0.8193939464409803 15.722143893736257 0 0
151 2.1527094033558134 1.6881802882878019 4.870590030431286 0 0
152 1.6808509858693823 0.2761289048329856 7.890520064959283 0 0
153 1.1253982572136556 3.1906344385834897 17.578109708699063 0 0
154 3.4061910757986835 2.0269301398071997 5.275336301481055 0 0
155 3.985237869478196 0.7059025982806053 16.52126951950332 0 0
156 3.371405553098776 3.5066413018802205 4.386569795447519 0 0
157 0.31307269474990096 3.1210684215182933 8.677592532602938 0 0
158 1.22395252751178 1.010748488202699 2.346791479080892 0 0
159 2.737939120386841 2.9060953575715125 10.664861114497358 0 0
160 3.0759374559056 3.9635770563078285 5.15992699005494 0 0
161 0.25699001201211913 2.5762917740761795 16.40621903121328 0 0
162 0.13101547578729256 3.5683690760218223 3.011670622025635 0 0
163 1.1216289039173166 1.652649177389099 0.9067915415996988 0 0
164 1.9711867004052628 3.7766272463865906 7.1990925402356565 0 0
165 2.7315326781973264 2.5886759899196887 3.593432149960347 0 0
166 2.553570628330691 3.411806306738516 15.305675191376318 0 0
167 3.2872341545519292 2.1316534431257512 16.97495389946854 0 0
168 2.22002204852107 2.1432697838279076 13.715315492983144 0 0
169 1.1858513824431405 1.5300886745278939 0.8647055700098851 0 0
170 1.932265257694165 1.057835370871617 6.786996781281247 0 0
171 0.809452189927401 2.221195492738393 3.5659362763437423 0 0
172 1.6843227192249224 1.076711229822043 7.391624940117567 0 0
173 2.3971049650686442 2.5849641871326936 0.1032794682145679 0 0
174 3.1110272274212942 0.8392375579032942 5.133521538034856 0 0
175 1.559879905055262 0.46789755399877264 19.233246121797162 0 0
176 1.1166366883923124 0.0838932613433594 15.908504602142076 0 0
177 1.5906339920472214 3.606349381932705 5.467524735727043 0 0
178 2.4883181788239845 0.2785502449824857 19.08440490351484 0 0
179 2.584405750144616 0.6612385630832585 7.248373625856079 0 0
180 2.290033650986251 1.1641596761895083 0.9269993201514606 0 0
181 2.128539292799151 0.9963173327848447 15.14025095406111 0 0
182 2.850239916337502 1.7466127278935482 17.91570706316899 0 0
183 1.6774183287030644 1.748115129783857 17.75795701599195 0 0
184 0.2166716534256532 3.925876167815887 9.812855382668502 0 0
185 0.8862236466227722 2.1862907204909847 5.147164935000301 0 0
186 2.87723235805635 2.855598791470725 7.665542049574212 0 0
187 2.410981690276552 0.2618924276178054 19.91958555081482 0 0
188 2.8149787370600183 0.7122968861133703 5.174924905119784 0 0
189 2.9044218202217182 1.5845430265942302 0.9545275621199203 0 0
190 2.576308606924206 1.6106331105128822 16.60022113170375 0 0
191 3.8819759817011903 1.6704774835215341 12.816007731207268 0 0
192 3.269605679334064 2.5356279147970433 10.164815513303553 0 0
193 0.16463289501215894 3.9660150920537642 14.021862940871603 0 0
194 0.09332922713841252 2.8951044166406037 16.709962574181006 0 0
195 1.5432333297968313 2.1858472944690517 6.788189115436829 0 0
196 0.22630880886740257 2.1550543586851694 6.444076382061354 0 0
197 2.1200671947980423 2.303627141974439 1.0931115172903574 0 0
198 2.592148488015715 0.22894227639028064 8.454069667914876 0 0
199 3.2860154211441834 2.7187975971782974 3.458547990796051 0 0
200 3.8740503852244466 2.2867393443219717 11.249194385178694 0 0
201 3.8794973191498503 1.8429297866332488 9.579993085717673 0 0
202 3.0750961928249625 3.701669771391246 17.681224733693547 0 0
203 1.4827810577120302 3.4149661927335684 6.478810248009559 0 0
204 3.2041807258220025 3.1656539021329273 0.6642986922998897 0 0
205 3.74569887096892 0.4375229747750422 9.213353668735241 0 0
206 0.458886365250301 1.3881673432802646 11.512418528337385 0 0
207 3.6997030018251325 0.5286537213285356 10.60011025968332 0 0
208 1.6772900009268226 1.2269736473284996 0.22483954182726218 0 0
209 3.34578804715043 1.0343330956052907 2.8928271687190215 0 0
210 3.3054387014809476 3.4407195585438526 7.8202424021331485 0 0
211 1.8420847198784396 0.22742383359100438 17.199802255665936 0 0
212 3.7649018572001376 3.838115321668127 0.532686107087528 0 0
213 3.17450733182673 0.36238818661947003 13.81093320384726 0 0
214 3.619058042512835 0.999977253975423 16.259623242224897 0 0
215 2.851901728304165 2.1813291427640076 12.810940214354167 0 0
216 0.8084151150248948 1.7052450575485383 10.86696619607096 0 0
217 2.1538108842987542 0.45456063852121686 19.507487114261156 0 0
218 3.515793698670837 1.793140441501252 11.895879817887785 0 0
219 3.9844148347706003 0.7589028702752867 7.554025959553828 0 0
220 0.08574591988691105 0.6524344839668819 7.996639908443141 0 0
221 0.6422386826061552 0.6409946374592301 4.839361609041763 0 0
222 0.746764077832754 0.7307952521264924 4.95999833783409 0 0
223 1.3481251402670462 2.8639809204971938 6.525474605416806 0 0
224 1.3494117498817333 0.3409448010365759 3.9053818946603895 0 0
225 2.098003116623593 3.8545211218975917 11.808787088389606 0 0
226 2.82293775959639 0.53601504065154 11.331051479825593 0 0
227 2.857061585517169 2.4641447761832236 10.620593447308533 0 0
228 2.8108838106104352 3.646523034333808 12.182229122271629 0 0
229 0.12058746558084743 1.8064625026290606 16.407723406767513 0 0
230 2.916637706500171 3.466124766178325 1.0572261679984998 0 0
231 2.4507257519524694 1.397653916313381 19.668220955171716 0 0
232 2.0675883794929852 3.952774095016234 1.0499810982118476 0 0
233 2.6880065749974458 2.8432406498026754 5.357098728989795 0 0
234 2.499147267919814 3.0873855522856006 3.397148345908805 0 0
235 1.5034409298823033 3.13879338926386 4.210470479742212 0 0
236 3.8290886497710117 3.488693984925913 14.319315889173804 0 0
237 3.4616147215306414 1.4099300154246752 5.7653558230116975 0 0
238 3.0555376372845764 0.708533018250024 7.8807163190344305 0 0
239 0.9497920430602858 0.2828598000309557 13.739288317315253 0 0
240 0.4570816015037955 3.0171707160048875 10.928513314781025 0 0
241 2.3187581414659153 3.8435892297804397 10.059004280217671 0 0
242 3.741808854338988 0.0636568169919689 15.852256122329182 0 0
243 1.269350573649329 2.0513704919976927 4.62612961820785 0 0
244 0.5572422010419313 1.6726513761660675 6.475433777719475 0 0
245 1.3878086806327528 2.520888816746173 7.598365177731353 0 0
246 2.144571545710707 3.825295519338362 0.6446932781296446 0 0
247 1.295183558135484 1.139791996458943 8.46273758221672 0 0
248 1.4166760705801107 1.0639312127285898 15.388558124101579 0 0
249 1.2110172776431132 3.2626606650795935 7.077185288023458 0 0
250 2.081763536120528 0.278323234193141 16.707708314169338 0 0
251 0.1814330820160157 2.5555118009137496 16.334674281119174 0 0
252 2.1802970021732966 1.8045038038580954 0.506209148158572 0 0
253 1.9784938506991632 0.48025492791778635 6.812002665893524 0 0
254 1.4369272648099274 0.6881664989445737 3.4131793971041473 0 0
255 0.7706450196624577 2.81072495223499 7.362255573510634 0 0
256 2.816354852653552 3.3311745104380597 13.222153284671279 0 0
257 3.343276432383499 2.8904828223163994 6.990008300273047 0 0
258 3.8917607295201133 1.4042170359799775 10.737955801967976 0 0
259 0.24174524568677636 3.115256313236644 11.64192753010087 0 0
260 1.1619078625484034 1.9769666245636996 17.652111481769587 0 0
261 2.596412201264396 0.6611087715439836 12.153607866320646 0 0
262 2.948761285205733 2.817196652891245 10.079512091014585 0 0
263 2.2993611231028233 0.9289600653828052 2.388766892937853 0 0
264 1.732022015011028 0.7165273895640578 3.0482978257970883 0 0
265 0.8773802230520691 1.7103869577593926 3.1106964961875905 0 0
266 3.0691708318394193 1.1245145951927211 16.76930487998935 0 0
267 2.961802921400232 2.763666014397039 6.322761417767142 0 0
268 3.0124189947883773 1.0630380721227646 12.95289862003596 0 0
269 3.4021980609522915 1.484994259523609 1.221399442617548 0 0
270 3.4097949349461025 0.8688362084782961 3.474921488272698 0 0
271 0.4681213576636114 1.9555154917532687 15.31796219083779 0 0
272 2.099068834282427 0.6952597511866243 9.036962718010596 0 0
273 2.1020063347513727 1.6282917410093607 15.482762917300374 0 0
274 3.034466720746707 0.22219168361041342 3.96127062101358 0 0
275 1.6915867706181162 0.41776806563430413 0.6768159705722046 0 0
276 0.166328807711005 1.8903551008264101 0.01779473670119569 0 0
277 3.1769299290169313 3.4024864743563157 9.911950112021419 0 0
278 0.8466120334153417 2.248933550286851 6.468988653830499 0 0
279 1.725433046077362 2.053046769903724 1.5608213019446373 0 0
280 1.8036372963254348 1.7326676851176563 9.786323931793468 0 0
281 2.696520144051326 3.49918977959652 3.0741092284073117 0 0
282 2.6701430500599947 2.8411071418351153 8.833542809481274 0 0
283 0.23646621298951787 1.9686168408600626 19.45224980389922 0 0
284 1.4780971100486486 2.3562480556675585 16.82020900769819 0 0
285 3.3450880332845747 1.6543057257127793 2.265703069307494 0 0
286 0.4728931553047915 1.6076807387372842 13.651713306294893 0 0
287 3.135319768888383 3.6553447476535306 9.838417361076601 0 0
288 2.0932047165311003 3.899070080815596 15.264929436925696 0 0
289 1.2236281829806146 1.0279132494517265 10.314265638696975 0 0
290 3.866459134787884 1.711683844652572 19.472440633932592 0 0
291 0.597512659573473 2.4504246351895436 3.776918087338837 0 0
292 3.589960618222867 3.5366422199779786 9.663651210271432 0 0
293 3.055882337428679 2.167119195468217 0.7605747497884254 0 0
294 3.3213415593908913 2.376254361676245 5.250033282098936 0 0
295 0.12279599817656783 0.5575177903733637 7.412592626042683 0 0
296 2.4330818879154474 0.6843638120160207 11.578778733866118 0 0
297 0.8391415888473885 2.147125147361977 8.250596660177386 0 0
298 3.324098554462151 2.827768187675856 10.133615242730196 0 0
299 3.5950061669440583 2.426941479387441 4.2129468827175875 0 0
300 2.0646388424950057 0.4327041860032128 14.389647408860412 0 0
301 1.122148523454843 2.849586679497942 9.997277372287684 0 0
302 3.74582874605355 0.15102405329642754 15.079403620670016 0 0
303 2.7944339258959694 0.10887918852459255 11.774410366593564 0 0
304 0.7124412917340182 2.5950064690180197 4.895498262236577 0 0
305 2.5685793027166923 2.3186152608297377 12.326250308199745 0 0
306 3.461364252717595 2.819251470698399 8.24709052419593 0 0
307 1.6245946672286509 0.29845354595371565 19.177392265699247 0 0
308 2.8720316196367373 1.8682484543291353 0.4972632012970848 0 0
309 2.2418027075761806 0.08734166484867356 18.01307316292299 0 0
310 0.5612027977260052 1.1359666721734818 15.551725258425122 0 0
311 3.5560546131789055 0.5552235682769917 8.809695125557685 0 0
312 1.756534930454819 2.827822550348915 10.028605333898238 0 0
313 2.071535729381406 3.1188175703830208 7.846878101063086 0 0
314 1.6032165571160493 1.1852322774077753 19.326322475977985 0 0
315 0.8582548277708708 2.5518996762583006 3.6417597558260217 0 0
316 0.7579500879023555 2.432003732152798 18.16242187325576 0 0
317 1.5940871192561523 2.335741845382592 18.833073259221123 0 0
318 0.4471036279230842 2.45731883596409 5.5753934648136365 0 0
319 1.853540857065399 0.9492898925459274 9.332393637545849 0 0
320 0.26694821151943926 2.9063470047513036 0.9179768432725923 0 0
321 2.0351365705674693 2.371107468348419 19.364551969396924 0 0
322 1.6989763311213497 3.888311638433229 11.694200008233565 0 0
323 3.624576611485458 0.5384269395257755 9.157451841183965 0 0
324 0.30178298404028125 2.5310700578272955 1.5502301234804896 0 0
325 0.8937665152138112 0.6321804159411097 18.494367908987073 0 0
326 3.2897850510558966 0.47609659474705324 18.830504768126207 0 0
327 2.6692209107829505 0.8992139072145753 13.094818858713367 0 0
328 1.9116875334781949 2.8242461740066203 6.786445994948201 0 0
329 3.6163825891799064 3.716063524866472 6.231501617183928 0 0
330 3.1060220514870034 0.6101769529904664 0.9126266964635545 0 0
331 0.7461489014789884 2.498833935639878 4.072352186852495 0 0
332 3.339118322766282 3.5262431965994425 12.819443270439933 0 0
333 1.1641134352211975 3.8236990803373434 9.649720350194356 0 0
334 3.6483314845470893 1.2661770095293539 13.412199046733182 0 0
335 1.4198249089607147 0.8235316337148564 8.8914565758164 0 0
336 3.8816624403791256 0.6622149573057088 1.0980802231257327 0 0
337 2.3010553058919747 1.9771700208836427 18.152618222170954 0 0
338 2.7393525132960024 1.7610745474376845 17.924056223017406 0 0
339 1.152865576668307 3.377536331017807 16.26193305616543 0 0
340 1.0790290622147787 2.1867988301458388 5.261204609721006 0 0
341 3.0757537125075993 1.5399628926305493 2.949932560274722 0 0
342 1.2049306980531707 1.8535511044950292 0.6322622256891888 0 0
343 2.949892479741532 1.087607785184315 13.804304024389182 0 0
344 1.934150751881308 0.4734652631658902 12.27938428654923 0 0
345 3.8868232439050816 1.1727346020379399 19.646832004410594 0 0
346 0.12188805737850061 2.6101657991425737 12.75761126304155 0 0
347 0.19648813082516203 0.04029115684008011 8.498387171359294 0 0
348 1.862034675254938 2.817765419493335 3.081924019292746 0 0
349 0.6222793961345967 1.3220398012293113 12.722823330944092 0 0
350 3.8668405851024907 0.6742998609453841 19.168064997335392 0 0
351 2.6404245303689438 1.2774512634011546 2.6870427362843774 0 0
352 2.91590083235263 1.2181029135934403 10.55229637600505 0 0
353 2.261642250907167 0.06316462151492419 14.67745937881425 0 0
354 0.1318093088649277 1.7317216274529035 8.47853557191385 0 0
355 3.9753115409001047 1.872546867249276 15.507426916650447 0 0
356 3.984927765248946 2.7011155276446353 4.719330873389973 0 0
357 0.6797104558731311 1.3001784649249262 2.5588216318572243 0 0
358 0.8925154129947173 2.520549017607217 14.825851042412383 0 0
359 1.8948537545946758 2.4163991832095446 5.125568747405158 0 0
360 0.31872332062570297 1.3547035624113264 1.2051209837277945 0 0
361 0.4865850402065448 1.5161517093493135 7.03178314091101 0 0
362 1.5275708210752097 1.1656716077632996 2.361341358214206 0 0
363 2.9382821396507888 3.8409131765370343 11.8446557816733 0 0
364 3.9350237387402753 2.1258350007606586 9.955330898835479 0 0
365 3.2144661461610617 2.670851975535591 12.111085742921418 0 0
366 3.814014489655153 2.6038496760015164 16.91020827337087 0 0
367 3.8795219398913074 2.819684954697127 8.959751663494242 0 0
368 3.156115212084879 2.4464364913905943 2.3282678816096096 0 0
369 1.862321098460615 2.8479160714067904 16.985763081942352 0 0
370 0.2538245591839041 1.3597554436094572 5.781790876435426 0 0
371 1.6566994122039216 1.428594759496171 3.457133633945415 0 0
372 1.8595795300584024 1.825446086376538 2.020234492589501 0 0
373 1.3184788306069677 0.1894783929155619 1.1120652203614625 0 0
374 3.8605609708269304 2.11327501418893 3.035643770127197 0 0
375 1.6176285276406592 3.234324284787382 4.754183417934181 0 0
376 3.1319596312110978 0.30688691674046953 9.571814322905546 0 0
377 1.36014628054113 0.8361109185318425 16.29713556830025 0 0
378 2.5459861768852354 3.924822321579094 9.752570950514967 0 0
379 0.8475166636160287 0.6362292988913614 6.202928106535175 0 0
380 2.2192954900459867 2.3118300525250053 14.724363377768048 0 0
381 3.507214345746278 1.4398241869629926 19.195528896127783 0 0
382 0.31962515711195416 3.593798784362199 15.14730682200182 0 0
383 2.1329299427003576 3.516222511049845 2.669543473886855 0 0
384 2.0288234632253452 1.2468416248738603 4.414798838500635 0 0
385 2.0862537636442164 3.1532186696127367 16.427526864386188 0 0
386 3.445094549456366 3.939529594060712 8.485834625294777 0 0
387 3.893073852038696 0.7497463166096601 3.9297196933844702 0 0
388 0.8494440525407685 3.7213783901484723 5.175430498775531 0 0
389 3.517963138988013 0.8025391183578658 18.57290301200895 0 0
390 0.6316679735999327 2.325494264933238 2.0605808904859035 0 0
391 2.05496734539432 1.8063210347176242 2.5807592477426704 0 0
392 1.6756552193592331 1.0523581701207478 7.566818788447751 0 0
393 1.4228294777974722 0.8241458118820757 16.531715282217537 0 0
394 3.9892814667079026 3.962007293003472 17.06646838076102 0 0
395 1.833806478865405 3.914003507587716 19.072791282449717 0 0
396 1.2760416899366602 2.348983698790878 3.771220816490235 0 0
397 1.5968044944430713 2.8377491782141453 10.496654438472346 0 0
398 1.8930541118348991 2.6035716455507796 2.9806231516019848 0 0
399 0.3600210294699522 1.3447236863886516 13.682562767209953 0 0
400 0.9042546729621439 1.197331388228475 10.236540519360108 0 0
401 1.181851259323649 1.5505291547736244 3.9595503374072205 0 0
402 0.4493749057243155 3.4079312010323726 10.066928243336228 0 0
403 3.511469600107203 2.026960890472739 2.3394562711361377 0 0
404 0.4800001441289117 0.47906230248410364 5.812758817533405 0 0
405 1.167067160504229 2.6979799760719017 2.5778266712648934 0 0
406 2.5846556523753783 3.4877998639884495 4.387203575140939 0 0
407 3.5688326290073125 1.8690275215786707 4.57853861723825 0 0
408 2.7524430980965153 0.9697093347663122 7.232880895917091 0 0
409 2.317052750240223 3.057017196180177 5.895359421290531 0 0
410 2.4473229154175753 1.4158803294857505 1.1979828628531333 0 0
411 0.27261513998806275 3.45817599264031 9.435288098161534 0 0
412 0.8280928106675616 1.1273233799038669 9.176756447074252 0 0
413 3.370320311217827 1.6470214162385106 10.40291919860039 0 0
414 3.2403698429891907 1.9975191690893064 12.510623272936424 0 0
415 3.2420402575050256 3.171058319909106 15.648659560129815 0 0
416 0.008610470431813733 1.3623218366680463 13.954001115066227 0 0
417 2.4647122649165274 0.19395876806209267 18.46457660548069 0 0
418 0.5275227242106524 2.1642440717475653 13.531615904873522 0 0
419 3.405163734596643 1.8144111646368637 1.4012100211154823 0 0
420 3.3678167608936773 1.527198653354697 6.372172839616741 0 0
421 2.823708941170781 1.4892378734777603 6.992237517238086 0 0
422 0.20980138254091263 3.217839823483133 14.145543116903971 0 0
423 3.8729969901026164 1.5221552623846175 0.9997009729904274 0 0
424 0.8407597281182573 1.881637334929407 7.237157190485652 0 0
425 0.15099979111699535 1.167806835212131 17.00894493745292 0 0
426 0.8535511840397578 2.3433963013208245 9.20560217692734 0 0
427 1.2462103089705654 1.6936457930997306 18.289016936804135 0 0
428 3.625785753479219 3.3133433649880306 15.519295078584234 0 0
429 1.2446390791073927 2.880884293269543 6.293082334040783 0 0
430 1.166188657312422 3.4311787181558717 5.170902984567379 0 0
431 0.9563000752652295 1.8095850560861388 2.2666172182495314 0 0
432 0.10577223166709993 2.3036478700757312 15.525245697089389 0 0
433 2.2500761710337294 0.739907260044953 7.82032494016531 0 0
434 0.7126639784006412 0.47728408595028093 17.90113003069248 0 0
435 2.2707319968812003 0.1766542336496053 11.473285981289488 0 0
436 0.27955706291884286 3.6526142279623057 15.378167852596473 0 0
437 0.22730896389288158 1.8429477881136054 15.2902410767138 0 0
438 3.1575805917668696 0.4234555358081915 11.83500544253323 0 0
439 2.398487414006425 2.8247456438417684 19.88090504275493 0 0
440 3.117643196436134 2.174788474014391 5.468106842678264 0 0
441 2.980441289831189 3.1935640175303863 4.896465435187249 0 0
442 3.096577710820113 0.13748788270901824 14.399962553192589 0 0
443 2.7999339613669303 2.6685965738973394 11.854381150716154 0 0
444 0.49941621704697226 0.9394010750788226 10.067810760151561 0 0
445 2.0653875866498357 2.225409273876439 16.16589076012158 0 0
446 2.0642334243614 2.2637973708410897 17.501296295445265 0 0
447 0.7058437141593925 0.17684797024524213 18.938522580230128 0 0
448 1.1337185506269265 1.7258478213651303 1.1003477549811571 0 0
449 3.8983060929160187 2.2109020752169704 18.523667367573676 0 0
450 3.985187711345583 3.719370516817074 1.3036748428051828 0 0
451 3.176853190296038 1.4970683387957642 2.986303658495258 0 0
452 2.2333110664108995 0.13901189473960396 19.327156104169532 0 0
453 3.129164399213548 2.1424989360571898 13.242819356763649 0 0
454 1.8797491565399194 2.086878259703533 6.569277944179297 0 0
455 3.5067758320947604 3.20610151470055 15.852846623616202 0 0
456 3.8795845273490626 3.6095655502356276 2.1300060612202687 0 0
457 1.1244705840949722 3.40062104561214 12.003247559779748 0 0
458 2.039587771051443 1.2021941612899225 5.282802507311879 0 0
459 0.8219640182801695 0.8477992026418624 19.160033879328495 0 0
460 2.9504925359189107 0.32144795265464166 3.1972244260946203 0 0
461 1.3377662566666204 3.13027096945504 11.320376642309702 0 0
462 3.041150105839665 0.6131877170446673 13.751249025591783 0 0
463 3.265294817384783 3.1265189719626783 16.777845233584586 0 0
464 3.264658965342721 1.326680470694652 16.962075907549263 0 0
465 0.7397429200433969 0.5322054993939582 9.771501459374628 0 0
466 1.3914175948205798 2.3645563608001128 14.016326072832815 0 0
467 1.3721034824012823 0.9483947747506483 7.319372582284817 0 0
468 0.8308965151525542 1.8923438348472972 17.398593602621624 0 0
469 2.4780636422642814 2.1702973127904643 19.284766016717544 0 0
470 1.217607333649812 2.7164323332200437 18.757030662198204 0 0
471 2.0170207766561354 2.5651148459214452 0.3802929677462632 0 0
472 3.4991041621295267 3.8002388653006376 3.170897454130883 0 0
473 0.786101254457394 3.9041123489610845 2.404439894627002 0 0
474 1.187012605290252 2.5340564969393844 2.4351518444714237 0 0
475 2.0890328428960014 1.241209572895943 9.575810337425386 0 0
476 0.23312296227097185 1.8143599011656908 1.7929989459416398 0 0
477 2.8856899234512667 3.123435349893688 1.0777297100604801 0 0
478 0.36277558334752613 0.6774191611121612 0.9612729752254292 0 0
479 3.776168156349822 1.685401374873685 0.32694733156477995 0 0
480 3.462174392320291 0.35052368159822467 9.687478770708749 0 0
481 2.2166756356455712 2.234578418186513 15.994199122037271 0 0
482 2.362248874714772 1.1005353605021562 5.594877345459304 0 0
483 0.5679518912222565 3.3880305799392163 16.459749542671165 0 0
484 2.1421028940164026 1.1615130391286284 15.740808534806018 0 0
485 0.4760615215677235 1.6316806863034936 4.734994340734444 0 0
486 0.9802223335742648 1.649956004052284 9.340016623020745 0 0
487 3.965842975133773 3.285087809495434 11.866811912428282 0 0
488 1.5417648578744008 1.074237685401587 4.89235982846292 0 0
489 3.2294491287659053 3.9657469462361545 4.422276876958473 0 0
490 1.449931184947822 1.8810433748170123 14.999938133170087 0 0
491 2.9067335022694527 0.8206880438451158 9.152530808601595 0 0
492 0.75127669341348 0.24878672625670162 0.17075659984581626 0 0
493 3.978147918369883 3.8345117006451863 2.360945863045341 0 0
494 0.3283297436603345 3.2075552870745145 2.6423762462640443 0 0
495 1.4761835897876077 2.00515425766896 15.897392387276131 0 0
496 0.582769872456333 1.6272297264851938 8.895463553820989 0 0
497 3.581504460587772 1.347504972411308 13.938149308405908 0 0
498 3.28436871148537 1.4647603560837184 3.9478209122086865 0 0
499 0.5686390501792655 0.4020131208807969 19.100576034337134 0 0
500 3.34218455198487 0.710256600879682 11.25843514137232 0 0
501 2.923426414067089 3.2042535651954616 18.671130087802243 0 0
502 2.2305026056762927 1.5308200464545798 10.064204459025435 0 0
503 2.7817458167812434 0.10629239930087286 11.255254214503342 0 0
504 0.11116109984984024 0.8578375040325368 6.751905995737186 0 0
505 3.1784498116315056 3.654875884747451 12.935145547242834 0 0
506 1.2033737856023998 3.6939290234920144 12.779555231876138 0 0
507 0.20526100611053777 1.6638766268521061 10.394448866215718 0 0
508 3.620113606535229 0.7876730508183452 17.991693609049893 0 0
509 3.859267075547704 2.60760501612637 10.627628666868263 0 0
510 3.908990496472425 0.39642584951897475 14.852122971299531 0 0
511 3.0971879813322474 1.8021272838738611 19.82530653475662 0 0
512 3.681250540636084 0.18320525245665276 16.681733797761392 0 0
513 0.9416858598708477 2.4029162661607595 16.670524592776818 0 0
514 1.447331541708799 3.796976450713027 9.987177134495138 0 0
515 0.11336540883485635 3.2248338523894695 15.714768584247667 0 0
516 1.4762584738991336 0.43044733223221754 0.08966810778440659 0 0
517 3.5641402751071833 2.4717011498813273 2.3764976217695537 0 0
518 1.9356223496438532 3.344190027457403 4.193937741485303 0 0
519 0.33252552272045643 1.912107038272729 17.583044887891454 0 0
520 3.2588196764563984 2.388831743684668 10.916756847747939 0 0
521 2.2345388089666294 2.376151415759944 8.336800219227987 0 0
522 2.5078243619590674 3.625486206047733 10.993282171251819 0 0
523 0.3315054060874363 2.3182529270102545 12.883655890948223 0 0
524 3.1945092599100127 1.847040638336851 8.684335827168827 0 0
525 0.8034661811936303 3.494418314871237 0.6547339432075907 0 0
526 2.991077135832594 3.3803781107377855 3.122468179261409 0 0
527 1.099635576910665 2.3787970584190603 2.908880824404683 0 0
528 1.2162614017057416 2.783243009969153 13.072206333289616 0 0
529 2.725854946455609 0.5048131317704361 10.83889446750523 0 0
530 2.226788686157149 3.5484710715866443 14.574695871855504 0 0
531 2.8077787211782965 1.3172112709232946 17.002822897410763 0 0
532 3.977485352538457 1.359004132452734 11.330850254006483 0 0
533 3.913981320103785 0.07082262441880016 10.640388245455885 0 0
534 0.5258910699255825 0.18146327964814568 4.586386279080983 0 0
535 1.040324146801981 3.712800501234369 8.244079566464041 0 0
536 0.017748241053470393 3.294128370004696 4.368450306627317 0 0
537 1.3584664110935563 1.1076161886761449 14.947704086938064 0 0
538 2.1620691692550045 2.467931238918087 5.362557862735393 0 0
539 0.18723377185278012 2.459621983634423 19.24375140688697 0 0
540 0.6643479073610428 0.7074805255963159 3.5912634188240116 0 0
541 0.10309989087856342 0.4109058873578857 9.510930880907509 0 0
542 1.309575076272426 2.9182100117735574 12.802630403515082 0 0
543 3.4434958178326056 2.3082503976553275 0.6243816659723669 0 0
544 2.730524844435065 2.0121723313675774 6.2617988187836 0 0
545 0.19696017117309617 3.4898271419740468 8.366605101775146 0 0
546 2.540946346103633 1.5827792940030168 16.035508248483097 0 0
547 2.448866829671829 1.3235310195693974 6.837497862509167 0 0
548 1.601261901894112 0.6579900851379896 10.692761156910883 0 0
549 0.43174026106477226 0.7878628846207183 0.5192287700806733 0 0
550 3.230734298011031 2.296284547571764 4.8995419066221935 0 0
551 2.9983983178231215 2.709747886986504 17.61873492828849 0 0
552 0.19821959007095713 2.572172065199344 6.699278487329949 0 0
553 3.714236966160531 0.22411697308084366 11.266330722571379 0 0
554 3.11068805153032 3.9687105602832684 3.021875808849672 0 0
555 2.9777660357592675 3.5249492487803753 5.259256906073226 0 0
556 3.6525646078234164 1.9167669017632976 13.653423822261203 0 0
557 2.746359856228941 1.7274154857746542 16.356616247717334 0 0
558 1.6068181127535406 1.7206043017585337 8.899605294613387 0 0
559 0.20042383726049784 1.0523401706487572 8.674564011085765 0 0
560 2.266343580143891 0.07624753232763681 13.163988350518101 0 0
561 0.7346839948129718 3.7442510756993164 7.036550798589327 0 0
562 3.7982308139378818 0.5618299584698321 10.774224761994004 0 0
563 1.3171822125538466 2.291505298587966 19.67955807050169 0 0
564 1.1044956223526972 3.668654223518799 1.9613340015828753 0 0
565 0.07331267107512374 3.1997361835890654 5.985285934962383 0 0
566 1.9446543994992254 0.6904269069116784 17.390646894310365 0 0
567 3.9506383103967773 1.5144369330830265 9.699591294898916 0 0
568 2.9494271811773505 0.8735630714736711 14.520156349706461 0 0
569 2.311575059859738 2.479600665452974 14.961029397476596 0 0
570 1.2668686093353323 3.019043656398744 5.252685003137765 0 0
571 0.0182917822532509 1.5683625376083163 6.1764061229835505 0 0
572 2.926154580731934 1.958289403832184 10.416103162007095 0 0
573 3.8827790620232117 2.6062395252053614 13.574033508390471 0 0
574 2.3060482119303947 3.051179067292881 11.008949831065266 0 0
575 0.9615738234508979 1.3134402078867968 10.023703162087827 0 0
576 3.857690992592527 1.2884830386331536 11.308202181302189 0 0
577 2.1489538374499197 2.344020038660429 15.772999122798918 0 0
578 2.329382414148247 3.6274416381951875 19.275373809225684 0 0
579 0.5419293948370896 0.5024880297001275 12.389504616139682 0 0
580 0.5388196155480418 1.1100224240156613 17.306768983140884 0 0
581 3.8985857089836484 3.003212493191258 6.151998669715805 0 0
582 2.503172366742244 1.4839132281080991 14.967522789325056 0 0
583 2.7587002195673955 2.6799450205404245 13.453512714117814 0 0
584 0.08886074376700992 0.19816215024901163 19.73658859992878 0 0
585 1.2428008964411499 1.6564131489574379 12.647519840042236 0 0
586 0.7610700697872688 0.43405486922596936 19.261778188214755 0 0
587 2.312700186724232 1.4203672497215332 9.71200588080712 0 0
588 3.8838529999040556 2.924505361948272 10.051780204012775 0 0
589 3.5719116571605074 3.849061013309065 2.7412382600504897 0 0
590 0.32011229186416057 0.9976375245130684 13.222314204381556 0 0
591 0.38059634688469024 3.2833001646959845 17.520958013363842 0 0
592 0.935707238538529 3.902998088975048 6.743315696035541 0 0
593 0.19696034326259126 1.5856165757640202 6.628394500321349 0 0
594 0.8181650360336257 2.199239752656897 7.594862140521867 0 0
595 0.5656338107464072 2.070810188668897 6.901748146662214 0 0
596 1.086345586988693 3.3801660394686452 19.88035799713012 0 0
597 3.868617326066734 0.5485056373374857 0.4449014711579926 0 0
598 2.318029401720872 3.103797073972575 7.035849668628725 0 0
599 0.41778851273327366 3.9259651101576365 2.769936563946274 0 0
600 2.7656059659527035 1.0240929773732048 18.492705544053116 0 0
601 2.9194280392826624 3.9181425289515666 12.660377349363255 0 0
602 0.4281649780387642 0.5601180821499769 2.724344241659562 0 0
603 1.6544103792668945 3.1698465889610787 15.936928385248128 0 0
604 2.140263718727078 2.4622487998677673 4.826681511118782 0 0
605 2.7033285436694783 3.527857751149644 9.998219287766494 0 0
606 2.506655445148115 1.5997796748508273 3.112714609007246 0 0
607 1.6834914076085339 1.210157513808401 15.228376821860541 0 0
608 1.449582375038773 2.826960412094979 9.556129620001627 0 0
609 1.1626114239017065 0.8408782167250293 8.9960561841172 0 0
610 3.2876345946814576 2.336050443067567 11.272328595096441 0 0
611 2.229805081201527 0.7516345454173663 4.59918933811438 0 0
612 0.4221585267565049 1.605657617035775 12.083021694424062 0 0
613 0.09686811478943569 0.18222623835870588 11.794737691928262 0 0
614 2.3900314990869047 3.2351082389526695 15.723308543966581 0 0
615 0.8087667848986901 1.0238457833645749 11.092482068898196 0 0
616 3.7144365779909725 0.8483411635950657 8.466883687978648 0 0
617 2.116818269717834 1.5106545708485102 10.073255509725536 0 0
618 1.742321493177805 2.174429633527253 6.639761430499975 0 0
619 2.986673941944191 3.483910678817807 12.953392556414801 0 0
620 1.9235580175507592 0.058418847269871454 11.261844487959829 0 0
621 0.34305100762530105 0.6631399844316646 2.471587259071069 0 0
622 2.17800812771151 2.984303756924655 8.513314259404916 0 0
623 0.81192186576086 3.2010853978162723 15.34818103528792 0 0
624 2.3846569851730344 3.288149250751978 19.493313758646135 0 0
625 3.5979362758588005 0.27864081445681665 5.156588058101974 0 0
626 2.0797108770073827 3.5463061529003825 13.13950254135132 0 0
627 2.403507861348702 3.5352086210405744 7.343975756397634 0 0
628 1.2715293147450322 3.218036842857088 19.13825854609762 0 0
629 3.531641993299469 2.821382872214153 4.165312828235475 0 0
630 3.9896250029751323 2.0855219023811227 5.960259909445114 0 0
631 2.0609400296117864 0.07598405292642796 8.718693871169522 0 0
632 3.282018673698227 1.4638134920659127 14.377590872109122 0 0
633 2.248308543251845 3.329554276656957 1.9687535098142341 0 0
634 1.4952023036190807 0.5304731559059912 12.00047679346494 0 0
635 3.5102730364653567 2.2242676260556893 16.996271725286817 0 0
636 2.417124819156429 0.9140051808656369 5.574287375464346 0 0
637 0.9724420971652774 1.4229170944048255 0.8497506739468321 0 0
638 1.4518591795891036 0.23718415567915785 17.219331259208875 0 0
639 0.022959547420998705 0.37267220146451163 7.557352735421333 0 0
640 3.678393725311148 0.10817850064965717 1.162785998580074 0 0
641 0.5943595589203541 3.135090899636297 0.45523676860728135 0 0
642 0.48262559997414267 3.79061471795748 14.821364915072124 0 0
643 0.98760009434176 0.6189368621255495 11.16652823091684 0 0
644 1.6822497155002594 3.4585241262739146 1.386477262315964 0 0
645 1.8000795115286257 0.2864165542922541 6.366461104461205 0 0
646 0.19354497570777185 1.4733487151700364 4.008667228109917 0 0
647 0.6941775234365706 1.1749102746592055 6.055192594520056 0 0
648 1.0879041593251315 0.3437010645006915 12.888288360377233 0 0
649 0.19722415005628613 2.786779031161532 17.49351789539199 0 0
650 0.741231171598401 3.117560463820606 17.098801967561144 0 0
651 0.918679442553983 3.3653673643324673 19.69387798243097 0 0
652 2.1347605667908134 0.6270923635361314 15.666627300948473 0 0
653 3.6709089276116496 0.48863533755099975 16.304946011522773 0 0
654 2.726611749714878 1.429045464770695 0.27283379070390157 0 0
655 3.9292082274871563 0.6316326126572311 14.078535717694116 0 0
656 3.6610251842980075 2.6093690859022205 4.092527003276953 0 0
657 2.851326516145833 2.967298395492386 5.913420733744248 0 0
658 0.17850961436360646 1.8923989108038286 1.6343831617284257 0 0
659 0.7345713045781077 2.0291148134910317 1.3711858770364829 0 0
660 2.1127294330046524 2.2836035508998034 12.703518657649264 0 0
661 0.4514162281558909 3.996520320193482 10.480661285052689 0 0
662 1.9030501759534937 1.631960826656041 9.52595810487286 0 0
663 1.3136532801853267 3.130302193248796 2.189618591813298 0 0
664 0.22415096132504542 3.014226892707537 3.0140881705601323 0 0
665 2.591731998551529 1.3684816031064313 16.03720931217672 0 0
666 2.7724354004909753 3.178945396719163 0.3373629400437663 0 0
667 0.8644485593881674 0.8316280517680574 12.029230873428132 0 0
668 0.6621674651264715 2.167264332871669 6.680179328295434 0 0
669 2.957201415194339 0.062088433693502365 9.698261003138589 0 0
670 0.39385589946856325 2.7298077900425692 3.6082295915533296 0 0
671 2.185081357334587 1.7499447419107221 9.084753224086517 0 0
672 0.27975480514202666 0.041597959551698205 6.762306889663545 0 0
673 3.774184322737221 3.1738074280112185 11.777254513672602 0 0
674 1.429506055228926 3.1736799829985776 0.7475832203929713 0 0
675 3.2560734017442536 2.507793870060917 19.8599787055561 0 0
676 3.809650781470973 2.978089887674118 12.030338052249691 0 0
677 2.009651094163017 2.122848685573948 13.7573721260164 0 0
678 2.8087800379679706 3.999669080864935 17.821748654092445 0 0
679 0.1902171867404563 3.355828251248088 1.2472922298727875 0 0
680 2.9814130039973232 3.4446660723694507 4.694575098263501 0 0
681 3.736483629544103 1.7041480753201335 14.833853541926318 0 0
682 2.5463751996282875 1.9028517159313962 18.43582299034129 0 0
683 2.42175083907631 0.023435958324753647 19.052689029600653 0 0
684 1.286287466392768 1.6659468358536722 0.2269701680595373 0 0
685 1.7553790533589082 2.605934056621538 5.669501799073409 0 0
686 3.185618554205581 2.0684112148202267 9.788725854878804 0 0
687 0.6691544273314853 3.084236277460878 14.314366765583992 0 0
688 1.7762583237132012 0.5373971772884627 2.465087320799662 0 0
689 0.5776726591440988 3.5674006034529855 14.50081343171643 0 0
690 2.211231912311792 1.9668176625833984 6.871745017146253 0 0
691 3.8696447419981954 2.1502759728555443 15.335695243563004 0 0
692 3.3248058028616985 0.4224721998426373 8.885474090570504 0 0
693 0.4807330375113221 0.645634205693504 2.075893777278253 0 0
694 2.8867034125981714 3.9678689956020055 17.598709534388487 0 0
695 2.0997207364697026 0.22397234928907284 16.489475328701534 0 0
696 3.163078131185297 0.5460198188345855 12.393019032191075 0 0
697 1.15442077789215 3.431437905687086 7.9282982820861125 0 0
698 1.2591209936445475 2.7329357725960026 14.509379786979915 0 0
699 3.2483089999908703 0.3963841218303601 8.643538437672207 0 0
700 3.4301664057462506 0.8216941155329918 12.493553961775588 0 0
701 1.9449244468447249 0.6366273286932402 18.07567905731314 0 0
702 2.5195213132106566 1.8657112470468606 10.010064060610759 0 0
703 3.969824866927765 2.2687191011192844 15.045430659070657 0 0
704 1.1245781857604877 1.0278441385375092 8.137069628930508 0 0
705 1.4266546458207914 1.0534838856430253 18.514721107029796 0 0
706 3.585359455085671 3.445296405977121 8.499412869170476 0 0
707 3.83201178886436 1.3817501485657886 11.238886949542948 0 0
708 0.382637877636004 3.3651593861175977 10.459307561386147 0 0
709 3.1996760469272365 1.4089123281053768 1.8086364135616197 0 0
710 1.9096189798867347 3.7541765744389464 16.878684590240375 0 0
711 3.123438628277813 1.06002816094974 0.8589437955920578 0 0
712 2.7019398465066846 0.9023568451932393 16.23029313214602 0 0
713 2.233198285894871 3.3799256707321055 3.6278121866162216 0 0
714 2.4686669121242932 0.2955299862635876 6.049596258767469 0 0
715 3.476550748613067 2.554283815848547 15.166527622811586 0 0
716 3.2191685640934304 2.8858205555369913 6.473598063222051 0 0
717 3.0884412737236513 3.5502431486803943 5.167049443033484 0 0
718 1.125491936324763 0.18243910732076762 1.4945456481395272 0 0
719 2.022080555581697 1.218732858524713 11.941062791247754 0 0
720 1.4450471586540583 3.046796236380004 9.443098910435555 0 0
721 1.0323597002068035 0.6817316102294517 12.526845868071252 0 0
722 3.5398602698024755 0.23281628178158154 14.087070427800947 0 0
723 0.5707260683525928 3.7232401002270423 19.329918390859046 0 0
724 2.8969900866301748 0.5057894790154405 9.109387197415082 0 0
725 2.2632479994110497 2.0108658993358004 19.361619786612106 0 0
726 2.859946165153449 1.0192123045970625 4.275811998242411 0 0
727 1.008919822693872 0.2149117236077276 12.377933719018912 0 0
728 1.2571691326550531 1.5116491539681747 16.157244855655048 0 0
729 2.9964302181904143 2.0945155254011736 14.19227803461957 0 0
730 3.5225465021073195 0.9596403208222626 0.6505883375008816 0 0
731 0.2628447133547309 0.21287469880324195 5.055380009378052 0 0
732 3.3621091352124886 3.8408936726363567 9.589287608444206 0 0
733 0.08170343391078361 0.8636039824541106 3.5438068347494722 0 0
734 3.258493945491974 0.24854916333909016 13.953265106073822 0 0
735 3.0230122968857724 2.5871791202977406 15.376961730662416 0 0
736 1.6257340078926272 0.6339305758519382 5.317235221740358 0 0
737 1.6282337707505181 0.8600619324709318 4.177611202720206 0 0
738 0.021017241504747597 1.0197276223444616 13.328086125921786 0 0
739 2.7165866029464034 1.1373316401468798 3.843607685626167 0 0
740 0.11572303212644486 2.355184323798327 16.24642051238783 0 0
741 0.34340755713708826 3.5839623497368835 5.497026825982982 0 0
742 3.866096443030255 2.1211336802682643 11.571852210617795 0 0
743 0.5785859630200398 1.9650489807787428 13.111078434818724 0 0
744 0.41341968364545667 3.7810572742504363 12.182571715682325 0 0
745 1.6203509101384264 2.908088417299413 14.05389404676703 0 0
746 2.818637642969745 3.398795946448465 9.656090533137103 0 0
747 2.245604244689779 2.4516703044410795 12.703665997030082 0 0
748 1.2312171683590531 2.11270028345042 7.561370031794025 0 0
749 2.363340609434921 1.3289679937326009 10.07939496375519 0 0
750 3.095163403006149 3.7692255640748877 17.88299650106677 0 0
751 0.3777667075012563 2.1157590406835043 9.812270363095504 0 0
752 0.6198216161487695 1.4255409854415284 4.777859886310436 0 0
753 3.9320997155813764 3.429555544755466 2.377573136867639 0 0
754 0.9417720914715557 2.5794884429960154 10.862796448418962 0 0
755 0.006271075983008023 1.0645746201647317 17.479619908149004 0 0
756 1.2015034348192455 1.0217114216188088 2.7616163774125324 0 0
757 3.0693604308250464 0.06141295223835841 5.736682558214614 0 0
758 2.414349731603888 2.12055762036454 14.660654955302402 0 0
759 3.899550132911143 1.4723288825241088 4.110787587249369 0 0
760 3.609191312194742 0.41723288720772733 5.149832501259192 0 0
761 0.2702248918492385 3.6756308549847505 12.070847965880269 0 0
762 2.9404043823054673 1.2178944291816547 9.405765586813057 0 0
763 1.807642650067679 3.744532725223287 6.888737034831028 0 0
764 0.23078294550887724 2.576316509495469 18.398199915588027 0 0
765 1.0279272071100432 1.883813414680689 13.599094585587398 0 0
766 2.5101165182096716 2.7081584482195167 15.49956514731794 0 0
767 1.4685577886532244 3.3236539702752843 19.734396978684735 0 0
768 3.3751457566307064 2.944481212651141 4.2724119237236895 0 0
769 1.0834587682724945 3.7524388329123495 13.074914402440797 0 0
770 2.9830535893740198 0.5380075651541458 11.459088441305665 0 0
771 2.742121406594162 0.22208583566462203 1.192366419725153 0 0
772 0.5535551428085255 1.734538901569196 13.566324011984296 0 0
773 1.0745449432462453 1.4006058595158921 5.711179434563016 0 0
774 3.592286668078013 1.7994285014541374 14.898931620936644 0 0
775 3.083927499684899 2.4060650113048165 5.590631179644805 0 0
776 0.3637222308070156 0.3996257107106935 8.27783777193967 0 0
777 2.032105492640106 0.7415235766245025 6.088606268907181 0 0
778 1.3719997417480492 3.785569667292867 7.176087489106299 0 0
779 1.5706675167188757 2.84952771006144 16.68312036625619 0 0
780 3.4863880302839823 1.4793294127723116 6.4094881131036985 0 0
781 0.21756746983803077 2.290379494699982 6.144014124818797 0 0
782 2.762226996308465 3.4579528684205307 1.7615016790821583 0 0
783 2.575254578215314 1.7460381091246064 18.147983835908033 0 0
784 2.7173916689365676 2.5711927664034917 15.234281490048033 0 0
785 3.7350236532817513 3.485694253452853 7.070240893724207 0 0
786 3.540216165843823 2.178814730604765 1.6789794845624442 0 0
787 0.5474515810686575 0.18270245451077272 11.48814636782921 0 0
788 0.34341563519144036 1.2164570657895617 1.9222451129717057 0 0
789 0.5845583738108557 0.3280770602899874 15.320376366506313 0 0
790 3.7971231904456024 3.4490362248814623 6.967412209731522 0 0
791 3.1769506982784144 0.43439073791647886 10.674100209745907 0 0
792 0.2798067223778642 0.8407323851848691 18.22086225501288 0 0
793 3.5803227436761977 1.5741836480235027 12.008963505915165 0 0
794 1.1447445019504319 0.92833949580937 10.943412009960944 0 0
795 0.16530742135114296 3.3103588262419246 13.77495921874914 0 0
796 1.3075759370521605 3.9054100862324903 10.64987852032469 0 0
797 0.48170139414991975 3.218301675846191 8.219030729602393 0 0
798 1.6541409956158957 2.4548874703995143 18.375033991590836 0 0
799 1.7984839295735469 3.975182454194183 17.145656150994938 0 0
800 3.2102562145222358 2.5561403211502975 3.005232696734823 0 0
801 1.1711653045575752 1.3775604850574708 5.556601848869227 0 0
802 1.8370426576563432 0.6236174293223995 17.078882157378743 0 0
803 0.12497147001652453 0.6600042629692771 3.2465425656216134 0 0
804 3.2631276621580216 3.4559586971004883 14.842850430682779 0 0
805 3.0171008430733783 3.3879833927417318 10.716331127595655 0 0
806 0.26505258735460635 2.855876563099046 3.1762394628186907 0 0
807 1.437664106515043 2.7337933813492974 10.931375869565086 0 0
808 0.3299183564897803 0.7652606501068784 19.60570466392127 0 0
809 2.990876987000826 3.5481596132784112 16.448574613077493 0 0
810 2.5316548790570845 0.7217383387014136 14.340358210738565 0 0
811 3.780562896452449 3.5286668204395557 5.486703958088182 0 0
812 1.3127352066550777 0.5761311332786574 3.7110759662237074 0 0
813 1.17818143045182 0.6481159095161562 15.954476910568442 0 0
814 1.9611567661437375 2.7668786400832692 17.377575041329937 0 0
815 3.794401341503444 3.8278835788131476 6.91076157416015 0 0
816 2.716078799777275 2.17986759450542 0.03773155218871582 0 0
817 0.5007460946987721 1.0161992298559233 15.1187758711157 0 0
818 3.183445122119954 3.7654110349247967 11.837213714680283 0 0
819 0.08445104176316831 2.8520971659349907 18.78165875525206 0 0
820 1.204481838374847 2.5096561389241785 9.778925357192458 0 0
821 2.745327639981954 0.2736400990258627 7.146419602343244 0 0
822 1.033093836823517 1.2283376225361187 2.1001181048465583 0 0
823 1.6373137250776126 2.490428865277117 9.36877089179202 0 0
824 1.8656943486386377 3.815581903673035 12.360567239808198 0 0
825 0.9298235868297497 0.32231341962773796 8.38733230020322 0 0
826 3.9419155055129504 0.44662448465090443 12.962892120200447 0 0
827 3.8484823609721435 0.05263928533239581 11.018805532063595 0 0
828 3.502743971599795 0.7731150302843319 15.122435814968684 0 0
829 1.3277648073507218 3.557883862377915 5.338939039325094 0 0
830 1.208605042355048 0.9488876016678331 2.4345693007767037 0 0
831 1.443241156299749 3.745947641377425 16.89645433468427 0 0
832 2.326909106082258 2.313236196655148 5.8183674992703605 0 0
833 0.40344212110038247 3.205388282505469 19.980801074654913 0 0
834 1.3939506104153947 0.9545350650783757 13.998844183563913 0 0
835 2.170682640339005 0.48687818424302276 10.785699351775314 0 0
836 1.2206512786600372 0.5049544762351068 0.03825042971789894 0 0
837 0.4125843401719973 1.9236960693927923 6.3884359073640296 0 0
838 1.0067542093649748 2.534568011686633 18.519082675875765 0 0
839 2.7709872068088996 3.99127064272081 19.443588121155567 0 0
840 1.9119664255440412 3.6825029507124656 4.9963488450533 0 0
841 0.18940632090232534 0.7761687993713295 11.553491061786387 0 0
842 3.0500180985534264 3.766441816130441 9.158421777843254 0 0
843 1.8710503658045983 3.529690208841905 7.093216027033997 0 0
844 3.359355868641048 0.7315805051702837 1.5475416916099085 0 0
845 3.4997063329635427 3.9655579123372444 18.499253325120502 0 0
846 0.8996546179165639 2.9837894002991385 6.281437935132297 0 0
847 2.2374718239684483 2.3903903576080783 1.2144662001801823 0 0
848 2.7037373443723034 2.790735867922276 19.050557483367395 0 0
849 2.491054512979397 0.352464193610176 5.511469776412414 0 0
850 3.2347643759554394 2.9401636631645136 1.3987847059982663 0 0
851 1.5113760910926144 3.3619147993511787 8.14777056922897 0 0
852 0.7002664355589678 1.7502472216980551 16.73629106851962 0 0
853 0.6004416906208541 1.6564973069950348 11.427686808387495 0 0
854 1.7743813667913149 1.071437736405979 1.659015709892029 0 0
855 2.133621557249363 3.2619341940249553 10.573040193294982 0 0
856 0.6207455337600842 1.6549101380555757 8.146567623505687 0 0
857 1.6477108866501513 3.1428318300997367 15.11469849086888 0 0
858 0.5893075639303229 0.42876173911316307 0.28629423557026823 0 0
859 0.3641408311756382 3.7503651588848923 5.448444506521659 0 0
860 2.2424593657820893 3.4535050351194396 10.414937736536768 0 0
861 1.6398625685856885 2.4588618552059094 17.677242640067615 0 0
862 3.813017215056801 0.728804185304776 15.184123570759784 0 0
863 2.8104532993533224 1.0818701817762408 13.041586735705836 0 0
864 3.459760317922324 0.2928081850457682 2.9459905055307427 0 0
865 0.18264363758536084 2.563664580067888 2.718972425436344 0 0
866 1.007720504794049 3.618900858225345 3.546100440121818 0 0
867 2.5659911315570616 3.9631492503983203 11.892654021879816 0 0
868 2.3186377638381765 0.28689812967872075 7.7777773468446965 0 0
869 3.0296615674136467 2.8877240225085883 10.630106254081378 0 0
870 1.202529209445468 1.3117232424839191 13.95773900437989 0 0
871 1.231379638921968 1.622909602555213 6.467158690582044 0 0
872 3.710535342132019 0.5288920006823956 9.0969396224315 0 0
873 0.22430590771436942 1.7143066757369054 13.303873891070916 0 0
874 1.7026821547078936 0.8863001126209891 3.916029644729515 0 0
875 2.7836295579230423 1.5510263932368786 16.1448514959443 0 0
876 3.734652376701831 3.7449653449879072 13.605814581335148 0 0
877 1.6548540451477247 3.9077270298000206 13.893520763024792 0 0
878 0.9746168582008845 2.209260687471911 14.759424434816257 0 0
879 1.193806989981497 2.63440530794613 18.594339769818017 0 0
880 2.753560905076613 3.7795540316234906 11.429354424656765 0 0
881 0.49336057326679295 0.39693101011443077 1.4439656601814634 0 0
882 2.1502855137868835 0.7982038329267696 4.003307077283007 0 0
883 3.4848051612476487 2.2028444815649726 16.941688482194273 0 0
884 0.17131367638510286 1.805454295910972 19.17620923353891 0 0
885 2.0520008042074513 3.4481761824861 16.5891210054394 0 0
886 3.9631339044571066 0.5325185018426095 19.602514246677572 0 0
887 2.53845348771483 3.763269379437271 10.318362667248431 0 0
888 2.5659771524318957 2.5516828973069066 17.02690325359375 0 0
889 3.9200851218431314 1.0557080857216106 16.261619888378558 0 0
890 1.4931779675701422 1.7991218667476379 0.4768850645681513 0 0
891 1.1993614843544902 1.5754425279789486 15.15854220119364 0 0
892 2.1594146988367386 0.5932331068065297 17.201496742952486 0 0
893 1.4286684475986176 2.4411644562180257 5.021035908392517 0 0
894 2.845222401459095 3.5792757057705717 13.972481509681172 0 0
895 3.8437681373678583 1.3006330528403935 6.333302273339725 0 0
896 0.20411198256509944 3.6369081715168603 8.412764300317948 0 0
897 2.58160193693859 3.932514457983393 10.601945132209396 0 0
898 3.8528077434135186 1.730692240149893 6.99765818973699 0 0
899 3.081276513418744 1.9054144277475877 2.4771541286012644 0 0
900 2.4415594515517505 3.379361870453586 16.24332158492258 0 0
901 3.2349219377593688 1.775925756561539 8.160808859286558 0 0
902 1.186070563562929 3.715398561120031 14.753162196726882 0 0
903 0.5969706210838075 3.959937104096678 1.4208839002267217 0 0
904 3.2217671874584637 1.7884259558263087 17.812103663728557 0 0
905 0.9537511573063482 2.177431986081446 3.434391742874543 0 0
906 0.5370041237624898 1.5041709909054541 17.552785114149824 0 0
907 1.937114877009961 0.8700944609139685 14.451734846375073 0 0
908 1.0576956299362965 2.724298016692477 16.036956438251856 0 0
909 3.137875591791487 2.8765430755202637 12.977598782851206 0 0
910 1.4085989465744533 1.0375292943394936 19.657548259551934 0 0
911 3.7513197764349036 3.0264833312548705 10.933153953526624 0 0
912 2.9794060873012898 1.606028541551756 9.71744438638006 0 0
913 0.856249631227264 0.5524538090293485 19.149826143027703 0 0
914 1.9320700345231285 1.827087553373422 6.170379327333206 0 0
915 0.33428273266265296 2.3253983534461558 19.19175679834263 0 0
916 2.1491009405090455 1.045646162241973 1.7610032609028072 0 0
917 1.201085524468995 3.0087644162113225 0.4436588766875651 0 0
918 2.534833681774386 1.2714301625229798 19.253279251971712 0 0
919 0.8622666166082438 0.5675649122449375 5.847531647822965 0 0
920 2.6701079104391177 2.606147382415794 12.853031841677044 0 0
921 3.3535059150821542 1.8633577752152488 7.718518389456102 0 0
922 2.7006729573033814 1.8347207209058165 8.955302407166108 0 0
923 2.4830732566537828 2.6982005138795007 18.63476107236145 0 0
924 0.44434076360484265 2.540142105748319 16.80585290648004 0 0
925 0.6584326069784165 1.6594214086107864 5.977817041833675 0 0
926 3.8121895373516717 1.5770421396504222 18.744115396586615 0 0
927 2.4075406089454825 3.9165426815419373 15.432631915164016 0 0
928 3.9912616296958454 2.3164788747898504 13.060791842586362 0 0
929 0.4353340660359539 1.0487317206836273 13.701484559653201 0 0
930 1.9595606608875327 2.962069531871201 17.804915731650915 0 0
931 1.451721412418218 1.3940436687861226 5.894628955245107 0 0
932 3.367648787419535 1.9113476436439505 16.5158800719331 0 0
933 3.8473180542047754 1.5958823145974546 8.241999686369315 0 0
934 2.5316317739367564 0.5031923511184633 18.710539452457855 0 0
935 0.1573487702396752 0.9732162572668053 19.243208278487536 0 0
936 3.405783786438197 3.084333204023938 10.525152249339085 0 0
937 1.6080013029320865 2.2039406925118703 18.843223782313682 0 0
938 0.45268842817103505 3.668772692345592 5.135677751941481 0 0
939 2.5928976504498893 1.9234333490589297 17.315305580799585 0 0
940 2.4663179158316604 2.1795866011568794 19.47918008987707 0 0
941 0.4955137009557131 1.5816095354074935 9.54380425402337 0 0
942 3.8548786115951374 1.1620234240042209 6.874726930631347 0 0
943 2.224334359713863 3.1020238920849668 14.386167324072312 0 0
944 3.2182708774077957 2.8095654978168927 15.20350395076128 0 0
945 2.0439556412423228 3.43238653086354 14.135438619729793 0 0
946 3.8104091072986703 0.8259128505087976 19.618808716159197 0 0
947 2.4848605403471913 1.2517624670851564 19.97066763358925 0 0
948 3.0771914898531376 0.8217519703513714 9.791750390203548 0 0
949 1.0582136119129444 1.3811768556022008 0.27958093846188103 0 0
950 3.89219422028824 1.5161835691279808 1.278423418553645 0 0
951 3.04622887780115 3.056972226343232 18.275636660333472 0 0
952 1.0005056417941904 3.2649958551560125 9.082032009931227 0 0
953 1.284793346264807 2.680885792628687 9.190807843984166 0 0
954 0.7366060685914968 3.9271798936782973 3.0441929745769585 0 0
955 0.6853015810652663 2.212886876394818 13.21496184829961 0 0
956 0.5729828235003331 2.087457644624484 3.5702761381884818 0 0
957 0.23705623566015688 0.3985753001293315 7.018854675871642 0 0
958 2.5672482984281473 2.263756597013079 14.486314225521127 0 0
959 0.4740285292732953 2.5407865840858497 16.589017022022215 0 0
960 3.2315058520785653 0.9698465065703401 13.142275957099104 0 0
961 1.2772318206727238 0.009061114139788051 15.060046657130552 0 0
962 3.730343798541784 0.2808918538406726 9.05006961981805 0 0
963 1.6229678777357026 3.5830947745854083 4.33535860211509 0 0
964 1.1658056789445308 2.813493633223799 2.0051101954956767 0 0
965 0.023021799279278055 3.5841008668952012 4.488381682990575 0 0
966 2.348518451916889 0.04722177684376461 16.82713276352369 0 0
967 1.3198508079282403 2.530338090342079 2.2873070847746613 0 0
968 3.6707934109158957 0.6328953284293155 4.465512406872949 0 0
969 1.694219617698235 3.4272260503344647 12.134465907664767 0 0
970 0.943836188052465 1.2459116736210067 19.837056904578652 0 0
971 3.8033125379395223 2.7148800364256402 8.532319796036138 0 0
972 3.0254869711922856 2.4764299874066786 16.028236587411552 0 0
973 3.8480566342064266 0.6424493606508672 2.706744878670242 0 0
974 0.45098607806550395 2.779937727625727 1.6377989071618473 0 0
975 0.24566165340149326 2.7826036998171118 7.11979398810718 0 0
976 0.05327601850738373 2.1286752702020015 1.307483148636295 0 0
977 2.284368821109295 3.6992387247310354 7.758280371487601 0 0
978 1.065418410981181 3.9822799505242203 1.8929925436233865 0 0
979 2.8082849866133213 3.3308151782587103 0.8232125102856405 0 0
980 2.232028866223425 3.95277004942516 5.418879831445311 0 0
981 0.7437028427658288 0.3091647137694007 14.269550684678078 0 0
982 1.4942468135132 1.3665105187072488 2.409274070453809 0 0
983 2.578546242906765 0.25432495179866543 16.367165112269344 0 0
984 1.9580385763018764 1.527740236100415 0.02305870859085757 0 0
985 3.223121195936076 2.1313407477224215 17.373406286169153 0 0
986 3.7130726371497538 0.16336244532967448 6.750349611554308 0 0
987 3.9857679503163244 0.5378064132534901 18.80507161699082 0 0
988 3.7938101590667888 0.15884157646986208 10.631884448248814 0 0
989 0.33889945542442956 1.6512391602505845 13.937272647531433 0 0
990 3.618007643166986 0.1597019849074084 13.834440149377468 0 0
991 2.293708780787073 2.6033172957840813 1.7707395629364144 0 0
992 2.2689011393577667 3.96030712183177 11.007257068467144 0 0
993 1.6982636577657446 0.3779888268275926 0.4921685444827075 0 0
994 3.7747384997526137 1.0523336433852772 6.531572134662289 0 0
995 2.0036492640024175 0.5061874612536379 14.011382179304391 0 0
996 2.128403693102106 3.0789584513817747 2.591519940015936 0 0
997 1.250037222720967 1.4331777612712966 6.704756079894187 0 0
998 2.030165380613562 0.611606482618561 17.887841501231698 0 0
999 0.8626689456899126 3.854538264708859 19.68268010986326 0 0
